n = 1	x0 = -0.0625	
n = 2	x0 = -0.589844	x1 = 0.535156	
n = 3	x0 = -0.743652	x1 = 0.0429688	x2 = 0.825684	
